(20 0
((576,568,0) (607,599,31) (0,0,0))
((560,600,0) (607,623,31) (0,0,0))
((552,624,0) (591,655,31) (0,0,0))
((536,656,0) (575,695,31) (0,0,0))
((536,696,0) (575,727,31) (0,0,0))
((536,728,0) (599,775,31) (0,0,0))
((600,728,0) (663,775,31) (0,0,0))
((664,728,0) (727,775,31) (0,0,0))
((728,728,0) (791,775,31) (0,0,0))
((792,728,0) (839,775,31) (0,0,0))
((536,776,0) (599,807,31) (0,0,0))
((600,776,0) (663,807,31) (0,0,0))
((664,776,0) (727,807,31) (0,0,0))
((728,776,0) (791,807,31) (0,0,0))
((792,776,0) (839,807,31) (0,0,0))
((536,808,0) (567,855,31) (0,0,0))
((544,856,0) (575,895,31) (0,0,0))
((576,880,0) (583,895,31) (0,0,0))
((560,896,0) (599,935,31) (0,0,0))
((568,936,0) (607,967,31) (0,0,0))
)