(68 0
((1176,1144,0) (1207,1175,63) (0,0,0))
((1160,1176,0) (1199,1207,63) (0,0,0))
((1144,1224,0) (1175,1239,7) (0,0,0))
((1144,1240,0) (1167,1247,7) (0,0,0))
((1136,1248,0) (1167,1255,7) (0,0,0))
((1136,1256,0) (1159,1263,7) (0,0,0))
((1096,1344,0) (1127,1367,63) (0,0,0))
((1088,1368,0) (1119,1423,63) (0,0,0))
((1080,1424,0) (1111,1463,63) (0,0,0))
((1080,1464,0) (1103,1511,63) (0,0,0))
((1080,1512,0) (1103,1559,63) (0,0,0))
((1080,1560,0) (1103,1607,63) (0,0,0))
((1208,1464,0) (1247,1519,63) (0,0,0))
((1248,1464,0) (1279,1519,63) (0,0,0))
((1280,1464,0) (1335,1511,63) (0,0,0))
((1336,1464,0) (1391,1511,63) (0,0,0))
((1392,1464,0) (1447,1511,63) (0,0,0))
((1448,1464,0) (1503,1511,63) (0,0,0))
((1504,1464,0) (1559,1511,63) (0,0,0))
((1560,1464,0) (1615,1511,63) (0,0,0))
((1616,1464,0) (1671,1511,63) (0,0,0))
((1280,1512,0) (1335,1559,63) (0,0,0))
((1336,1512,0) (1391,1559,63) (0,0,0))
((1392,1512,0) (1447,1559,63) (0,0,0))
((1448,1512,0) (1503,1559,63) (0,0,0))
((1504,1512,0) (1559,1559,63) (0,0,0))
((1560,1512,0) (1615,1559,63) (0,0,0))
((1616,1512,0) (1671,1559,63) (0,0,0))
((1280,1560,0) (1335,1607,63) (0,0,0))
((1336,1560,0) (1391,1607,63) (0,0,0))
((1392,1560,0) (1447,1607,63) (0,0,0))
((1448,1560,0) (1503,1607,63) (0,0,0))
((1504,1560,0) (1559,1607,63) (0,0,0))
((1560,1560,0) (1615,1607,63) (0,0,0))
((1616,1560,0) (1671,1607,63) (0,0,0))
((1208,1520,0) (1247,1575,63) (0,0,0))
((1216,1576,0) (1279,1607,63) (0,0,0))
((1080,1608,0) (1111,1647,63) (0,0,0))
((1088,1648,0) (1119,1679,63) (0,0,0))
((1096,1680,0) (1119,1703,63) (0,0,0))
((1096,1704,0) (1127,1719,63) (0,0,0))
((1104,1720,0) (1127,1727,63) (0,0,0))
((1112,1752,0) (1143,1767,7) (0,0,0))
((1120,1768,0) (1143,1775,7) (0,0,0))
((1136,1776,0) (1151,1799,63) (0,0,0))
((1136,1800,0) (1167,1823,63) (0,0,0))
((1144,1824,0) (1175,1855,63) (0,0,0))
((1152,1856,0) (1183,1863,63) (0,0,0))
((1160,1864,0) (1191,1879,63) (0,0,0))
((1168,1880,0) (1207,1927,63) (0,0,0))
((1144,1224,8) (1175,1247,47) (0,0,0))
((1136,1248,8) (1167,1263,47) (0,0,0))
((1120,1288,0) (1151,1303,63) (0,0,0))
((1120,1304,0) (1143,1311,63) (0,0,0))
((1112,1312,0) (1135,1319,63) (0,0,0))
((1104,1320,0) (1135,1343,63) (0,0,0))
((1112,1752,8) (1143,1775,47) (0,0,0))
((1152,1208,0) (1183,1223,63) (0,0,0))
((1144,1224,48) (1175,1239,63) (0,0,0))
((1144,1240,48) (1167,1247,63) (0,0,0))
((1136,1248,48) (1167,1255,63) (0,0,0))
((1136,1256,48) (1159,1263,63) (0,0,0))
((1128,1264,0) (1159,1287,63) (0,0,0))
((1104,1728,0) (1135,1751,63) (0,0,0))
((1112,1752,48) (1143,1767,63) (0,0,0))
((1120,1768,48) (1143,1775,63) (0,0,0))
((1120,1776,0) (1135,1783,63) (0,0,0))
((1128,1784,0) (1135,1799,63) (0,0,0))
)