(48 0
((0,0,0) (63,63,7) (0,0,0))
((64,0,0) (127,63,7) (0,0,0))
((128,0,0) (191,63,7) (0,0,0))
((192,0,0) (255,63,7) (0,0,0))
((256,0,0) (319,63,7) (0,0,0))
((320,0,0) (383,63,7) (0,0,0))
((384,0,0) (447,63,7) (0,0,0))
((448,0,0) (511,63,7) (0,0,0))
((0,64,0) (63,127,7) (0,0,0))
((64,64,0) (127,127,7) (0,0,0))
((128,64,0) (191,127,7) (0,0,0))
((192,64,0) (255,127,7) (0,0,0))
((256,64,0) (319,127,7) (0,0,0))
((320,64,0) (383,127,7) (0,0,0))
((384,64,0) (447,127,7) (0,0,0))
((448,64,0) (511,127,7) (0,0,0))
((0,128,0) (63,191,7) (0,0,0))
((64,128,0) (127,191,7) (0,0,0))
((128,128,0) (191,191,7) (0,0,0))
((192,128,0) (255,191,7) (0,0,0))
((256,128,0) (319,191,7) (0,0,0))
((320,128,0) (383,191,7) (0,0,0))
((384,128,0) (447,191,7) (0,0,0))
((448,128,0) (511,191,7) (0,0,0))
((0,192,0) (63,255,7) (0,0,0))
((64,192,0) (127,255,7) (0,0,0))
((128,192,0) (191,255,7) (0,0,0))
((192,192,0) (255,255,7) (0,0,0))
((256,192,0) (319,255,7) (0,0,0))
((320,192,0) (383,255,7) (0,0,0))
((384,192,0) (447,255,7) (0,0,0))
((448,192,0) (511,255,7) (0,0,0))
((0,256,0) (63,319,7) (0,0,0))
((64,256,0) (127,319,7) (0,0,0))
((128,256,0) (191,319,7) (0,0,0))
((192,256,0) (255,319,7) (0,0,0))
((256,256,0) (319,319,7) (0,0,0))
((320,256,0) (383,319,7) (0,0,0))
((384,256,0) (447,319,7) (0,0,0))
((448,256,0) (511,319,7) (0,0,0))
((0,320,0) (63,383,7) (0,0,0))
((64,320,0) (127,383,7) (0,0,0))
((128,320,0) (191,383,7) (0,0,0))
((192,320,0) (255,383,7) (0,0,0))
((256,320,0) (319,383,7) (0,0,0))
((320,320,0) (383,383,7) (0,0,0))
((384,320,0) (447,383,7) (0,0,0))
((448,320,0) (511,383,7) (0,0,0))
)