(394 0
((2384,2304,0) (2399,2327,7) (0,0,0))
((2376,2320,0) (2383,2327,7) (0,0,0))
((2376,2328,0) (2391,2335,7) (0,0,0))
((2368,2336,0) (2383,2351,7) (0,0,0))
((2360,2352,0) (2375,2367,7) (0,0,0))
((2352,2368,0) (2367,2383,7) (0,0,0))
((2344,2384,0) (2367,2399,63) (0,0,0))
((2344,2384,64) (2367,2399,127) (0,0,0))
((2344,2400,0) (2359,2407,7) (0,0,0))
((2336,2408,0) (2343,2423,63) (0,0,0))
((2336,2408,64) (2343,2423,127) (0,0,0))
((2344,2408,0) (2351,2423,7) (0,0,0))
((2328,2424,0) (2343,2439,7) (0,0,0))
((2320,2440,0) (2335,2455,7) (0,0,0))
((2312,2456,0) (2319,2471,23) (0,0,0))
((2320,2456,0) (2327,2471,7) (0,0,0))
((2304,2472,0) (2319,2503,7) (0,0,0))
((2296,2496,0) (2303,2503,7) (0,0,0))
((2296,2504,0) (2311,2519,7) (0,0,0))
((2288,2512,0) (2295,2519,7) (0,0,0))
((2288,2520,0) (2303,2535,7) (0,0,0))
((2280,2536,0) (2295,2559,7) (0,0,0))
((2272,2552,0) (2279,2559,7) (0,0,0))
((2272,2560,0) (2287,2575,7) (0,0,0))
((2264,2576,0) (2279,2591,7) (0,0,0))
((2256,2592,0) (2271,2599,63) (0,0,0))
((2256,2592,64) (2271,2599,127) (0,0,0))
((2256,2600,0) (2271,2615,63) (0,0,0))
((2256,2600,64) (2271,2615,127) (0,0,0))
((2248,2616,0) (2263,2639,23) (0,0,0))
((2240,2640,0) (2255,2663,23) (0,0,0))
((2232,2664,0) (2247,2687,23) (0,0,0))
((2224,2688,0) (2239,2711,23) (0,0,0))
((2216,2712,0) (2231,2727,63) (0,0,0))
((2216,2712,64) (2231,2727,127) (0,0,0))
((2216,2728,0) (2223,2735,63) (0,0,0))
((2216,2728,64) (2223,2735,127) (0,0,0))
((2224,2728,0) (2231,2743,63) (0,0,0))
((2224,2728,64) (2231,2743,127) (0,0,0))
((2208,2736,0) (2223,2767,63) (0,0,0))
((2208,2736,64) (2223,2767,127) (0,0,0))
((2208,2768,0) (2215,2775,7) (0,0,0))
((2200,2776,0) (2215,2791,7) (0,0,0))
((2192,2792,0) (2215,2831,7) (0,0,0))
((2184,2832,0) (2207,2855,7) (0,0,0))
((2176,2856,0) (2199,2895,7) (0,0,0))
((2168,2896,0) (2191,2943,47) (0,0,0))
((2512,2936,0) (2543,2967,63) (0,0,0))
((2512,2936,64) (2543,2967,127) (0,0,0))
((2544,2936,0) (2575,2951,63) (0,0,0))
((2544,2936,64) (2575,2951,127) (0,0,0))
((2576,2936,0) (2591,2959,63) (0,0,0))
((2576,2936,64) (2591,2959,127) (0,0,0))
((2592,2936,0) (2631,2983,63) (0,0,0))
((2592,2936,64) (2631,2983,127) (0,0,0))
((2168,2944,0) (2183,3007,63) (0,0,0))
((2168,3008,0) (2183,3071,63) (0,0,0))
((2168,3072,0) (2183,3135,63) (0,0,0))
((2168,3136,0) (2183,3191,63) (0,0,0))
((2168,2944,64) (2183,3007,127) (0,0,0))
((2168,3008,64) (2183,3071,127) (0,0,0))
((2168,3072,64) (2183,3135,127) (0,0,0))
((2168,3136,64) (2183,3191,127) (0,0,0))
((2472,2944,0) (2511,2991,23) (0,0,0))
((2632,2952,0) (2639,2967,7) (0,0,0))
((2456,2960,0) (2471,2975,7) (0,0,0))
((2640,2960,0) (2655,2967,7) (0,0,0))
((2632,2968,0) (2671,2991,23) (0,0,0))
((2440,2976,0) (2471,2991,7) (0,0,0))
((2432,2992,0) (2479,3023,63) (0,0,0))
((2432,2992,64) (2479,3023,127) (0,0,0))
((2640,2992,0) (2663,2999,7) (0,0,0))
((2664,2992,0) (2687,3023,23) (0,0,0))
((2648,3000,0) (2663,3015,7) (0,0,0))
((2424,3024,0) (2455,3031,63) (0,0,0))
((2424,3024,64) (2455,3031,127) (0,0,0))
((2424,3032,0) (2447,3055,63) (0,0,0))
((2424,3032,64) (2447,3055,127) (0,0,0))
((2664,3024,0) (2695,3087,63) (0,0,0))
((2664,3088,0) (2695,3119,63) (0,0,0))
((2664,3024,64) (2695,3087,127) (0,0,0))
((2664,3088,64) (2695,3119,127) (0,0,0))
((2424,3056,0) (2439,3087,63) (0,0,0))
((2424,3056,64) (2439,3087,127) (0,0,0))
((2424,3088,0) (2447,3111,63) (0,0,0))
((2424,3088,64) (2447,3111,127) (0,0,0))
((2424,3112,0) (2471,3143,63) (0,0,0))
((2424,3112,64) (2471,3143,127) (0,0,0))
((2648,3120,0) (2687,3143,63) (0,0,0))
((2648,3120,64) (2687,3143,127) (0,0,0))
((2440,3144,0) (2471,3159,63) (0,0,0))
((2440,3144,64) (2471,3159,127) (0,0,0))
((2640,3144,0) (2679,3159,7) (0,0,0))
((2472,3152,0) (2487,3175,7) (0,0,0))
((2488,3160,0) (2495,3175,7) (0,0,0))
((2616,3160,0) (2663,3175,7) (0,0,0))
((2496,3168,0) (2511,3175,7) (0,0,0))
((2472,3176,0) (2535,3207,7) (0,0,0))
((2536,3176,0) (2599,3207,7) (0,0,0))
((2600,3176,0) (2647,3207,7) (0,0,0))
((2168,3192,0) (2191,3247,63) (0,0,0))
((2168,3192,64) (2191,3247,127) (0,0,0))
((2176,3248,0) (2199,3287,23) (0,0,0))
((2184,3288,0) (2207,3311,23) (0,0,0))
((2192,3312,0) (2215,3351,23) (0,0,0))
((2208,3376,0) (2223,3415,63) (0,0,0))
((2208,3376,64) (2223,3415,127) (0,0,0))
((2216,3416,0) (2223,3431,63) (0,0,0))
((2216,3416,64) (2223,3431,127) (0,0,0))
((2224,3408,0) (2231,3431,63) (0,0,0))
((2224,3408,64) (2231,3431,127) (0,0,0))
((2232,3448,0) (2247,3479,7) (0,0,0))
((2248,3496,0) (2263,3527,7) (0,0,0))
((2256,3528,0) (2271,3543,23) (0,0,0))
((2296,3624,0) (2311,3647,7) (0,0,0))
((2304,3648,0) (2319,3671,7) (0,0,0))
((2320,3688,0) (2335,3703,23) (0,0,0))
((2328,3704,0) (2335,3719,23) (0,0,0))
((2336,3704,0) (2343,3719,63) (0,0,0))
((2336,3704,64) (2343,3719,127) (0,0,0))
((2336,3720,0) (2351,3735,63) (0,0,0))
((2336,3720,64) (2351,3735,127) (0,0,0))
((2336,3736,0) (2359,3743,63) (0,0,0))
((2336,3736,64) (2359,3743,127) (0,0,0))
((2344,3744,0) (2359,3751,63) (0,0,0))
((2344,3744,64) (2359,3751,127) (0,0,0))
((2344,3752,0) (2367,3759,63) (0,0,0))
((2344,3752,64) (2367,3759,127) (0,0,0))
((2352,3760,0) (2367,3791,63) (0,0,0))
((2352,3760,64) (2367,3791,127) (0,0,0))
((2368,3776,0) (2375,3791,63) (0,0,0))
((2368,3776,64) (2375,3791,127) (0,0,0))
((2384,3816,0) (2399,3847,7) (0,0,0))
((2368,2336,8) (2383,2359,23) (0,0,0))
((2328,2424,8) (2343,2447,23) (0,0,0))
((2304,2472,8) (2319,2503,23) (0,0,0))
((2280,2536,8) (2295,2559,23) (0,0,0))
((2200,2768,8) (2215,2791,23) (0,0,0))
((2192,2792,8) (2215,2823,47) (0,0,0))
((2184,2824,8) (2207,2855,47) (0,0,0))
((2176,2856,8) (2207,2895,47) (0,0,0))
((2632,3144,8) (2679,3159,71) (0,0,0))
((2632,3144,72) (2679,3159,127) (0,0,0))
((2472,3152,8) (2487,3159,71) (0,0,0))
((2472,3152,72) (2487,3159,127) (0,0,0))
((2472,3160,8) (2495,3199,71) (0,0,0))
((2472,3160,72) (2495,3199,127) (0,0,0))
((2624,3160,8) (2663,3175,71) (0,0,0))
((2624,3160,72) (2663,3175,127) (0,0,0))
((2496,3168,8) (2551,3207,71) (0,0,0))
((2496,3168,72) (2551,3207,127) (0,0,0))
((2584,3168,8) (2623,3207,71) (0,0,0))
((2584,3168,72) (2623,3207,127) (0,0,0))
((2552,3184,8) (2583,3207,71) (0,0,0))
((2552,3184,72) (2583,3207,127) (0,0,0))
((2200,3352,0) (2215,3359,23) (0,0,0))
((2200,3360,0) (2207,3367,23) (0,0,0))
((2208,3360,0) (2223,3375,23) (0,0,0))
((2232,3448,8) (2247,3479,23) (0,0,0))
((2248,3496,8) (2263,3527,23) (0,0,0))
((2272,3568,0) (2287,3591,39) (0,0,0))
((2280,3592,0) (2295,3615,39) (0,0,0))
((2296,3624,8) (2311,3647,23) (0,0,0))
((2304,3648,8) (2319,3671,23) (0,0,0))
((2384,3816,8) (2399,3847,23) (0,0,0))
((2384,2304,8) (2399,2319,31) (0,0,0))
((2376,2320,8) (2391,2335,31) (0,0,0))
((2368,2336,24) (2383,2359,31) (0,0,0))
((2352,2360,8) (2375,2383,47) (0,0,0))
((2328,2424,24) (2343,2447,39) (0,0,0))
((2312,2456,24) (2319,2471,87) (0,0,0))
((2304,2472,24) (2319,2503,39) (0,0,0))
((2280,2536,24) (2295,2559,39) (0,0,0))
((2472,2944,24) (2511,2991,63) (0,0,0))
((2176,3248,24) (2207,3287,79) (0,0,0))
((2184,3288,24) (2207,3311,79) (0,0,0))
((2192,3312,24) (2215,3351,47) (0,0,0))
((2200,3352,24) (2215,3375,63) (0,0,0))
((2232,3448,24) (2247,3479,39) (0,0,0))
((2248,3496,24) (2263,3527,39) (0,0,0))
((2296,3624,24) (2311,3647,39) (0,0,0))
((2304,3648,24) (2319,3671,39) (0,0,0))
((2320,3688,24) (2335,3719,63) (0,0,0))
((2384,3816,24) (2399,3847,39) (0,0,0))
((2376,2304,32) (2399,2335,47) (0,0,0))
((2368,2336,32) (2391,2343,47) (0,0,0))
((2328,2424,40) (2343,2447,47) (0,0,0))
((2304,2472,40) (2319,2503,47) (0,0,0))
((2280,2536,40) (2295,2559,47) (0,0,0))
((2248,2616,24) (2263,2639,63) (0,0,0))
((2240,2640,24) (2255,2663,63) (0,0,0))
((2232,2664,24) (2247,2687,63) (0,0,0))
((2224,2688,24) (2239,2711,63) (0,0,0))
((2632,2968,24) (2671,2991,63) (0,0,0))
((2664,2992,24) (2687,3023,63) (0,0,0))
((2232,3448,40) (2247,3479,47) (0,0,0))
((2248,3496,40) (2263,3527,47) (0,0,0))
((2256,3528,24) (2271,3543,63) (0,0,0))
((2272,3568,40) (2287,3591,71) (0,0,0))
((2280,3592,40) (2295,3615,71) (0,0,0))
((2296,3624,40) (2311,3647,47) (0,0,0))
((2304,3648,40) (2319,3671,47) (0,0,0))
((2384,3816,40) (2399,3847,47) (0,0,0))
((2376,2304,48) (2399,2327,95) (0,0,0))
((2376,2304,96) (2399,2327,127) (0,0,0))
((2352,2360,48) (2375,2383,95) (0,0,0))
((2352,2360,96) (2375,2383,127) (0,0,0))
((2328,2424,48) (2343,2447,63) (0,0,0))
((2304,2472,48) (2319,2503,63) (0,0,0))
((2280,2536,48) (2295,2559,63) (0,0,0))
((2184,2792,48) (2215,2855,79) (0,0,0))
((2184,2856,48) (2207,2871,63) (0,0,0))
((2176,2872,48) (2199,2895,87) (0,0,0))
((2168,2896,48) (2199,2919,95) (0,0,0))
((2168,2896,96) (2199,2919,127) (0,0,0))
((2168,2920,48) (2191,2943,95) (0,0,0))
((2168,2920,96) (2191,2943,127) (0,0,0))
((2184,3312,48) (2207,3327,79) (0,0,0))
((2192,3328,48) (2215,3351,79) (0,0,0))
((2232,3448,48) (2247,3479,63) (0,0,0))
((2248,3496,48) (2263,3527,63) (0,0,0))
((2296,3624,48) (2311,3647,63) (0,0,0))
((2304,3648,48) (2319,3671,63) (0,0,0))
((2384,3816,48) (2399,3847,63) (0,0,0))
((2328,2424,64) (2343,2447,79) (0,0,0))
((2304,2472,64) (2319,2503,79) (0,0,0))
((2280,2536,64) (2295,2559,79) (0,0,0))
((2248,2616,64) (2263,2639,95) (0,0,0))
((2240,2640,64) (2255,2663,95) (0,0,0))
((2232,2664,64) (2247,2687,95) (0,0,0))
((2224,2688,64) (2239,2711,95) (0,0,0))
((2176,2856,64) (2199,2871,87) (0,0,0))
((2472,2944,64) (2511,2991,95) (0,0,0))
((2632,2968,64) (2671,2991,95) (0,0,0))
((2664,2992,64) (2687,3023,95) (0,0,0))
((2200,3352,64) (2215,3375,95) (0,0,0))
((2232,3448,64) (2247,3479,79) (0,0,0))
((2248,3496,64) (2263,3527,79) (0,0,0))
((2256,3528,64) (2271,3543,95) (0,0,0))
((2296,3624,64) (2311,3647,79) (0,0,0))
((2304,3648,64) (2319,3671,79) (0,0,0))
((2320,3688,64) (2335,3719,95) (0,0,0))
((2384,3816,64) (2399,3847,79) (0,0,0))
((2272,3568,72) (2287,3591,103) (0,0,0))
((2280,3592,72) (2295,3615,103) (0,0,0))
((2328,2424,80) (2343,2447,95) (0,0,0))
((2304,2472,80) (2319,2503,95) (0,0,0))
((2280,2536,80) (2295,2559,95) (0,0,0))
((2192,2792,80) (2215,2831,127) (0,0,0))
((2184,2832,80) (2207,2855,127) (0,0,0))
((2176,3248,80) (2199,3287,127) (0,0,0))
((2184,3288,80) (2207,3327,127) (0,0,0))
((2192,3328,80) (2215,3351,127) (0,0,0))
((2232,3448,80) (2247,3479,95) (0,0,0))
((2248,3496,80) (2263,3527,95) (0,0,0))
((2296,3624,80) (2311,3647,95) (0,0,0))
((2304,3648,80) (2319,3671,95) (0,0,0))
((2384,3816,80) (2399,3847,95) (0,0,0))
((2368,2344,32) (2383,2359,95) (0,0,0))
((2360,2352,8) (2367,2359,55) (0,0,0))
((2360,2352,56) (2367,2359,95) (0,0,0))
((2312,2456,88) (2319,2471,127) (0,0,0))
((2176,2856,88) (2199,2895,127) (0,0,0))
((2376,2328,48) (2391,2343,111) (0,0,0))
((2368,2336,48) (2375,2343,111) (0,0,0))
((2328,2424,96) (2343,2447,111) (0,0,0))
((2304,2472,96) (2319,2503,111) (0,0,0))
((2280,2536,96) (2295,2559,111) (0,0,0))
((2248,2616,96) (2263,2639,111) (0,0,0))
((2240,2640,96) (2255,2663,111) (0,0,0))
((2232,2664,96) (2247,2687,111) (0,0,0))
((2224,2688,96) (2239,2711,111) (0,0,0))
((2472,2944,96) (2511,2991,127) (0,0,0))
((2232,3448,96) (2247,3479,111) (0,0,0))
((2248,3496,96) (2263,3527,111) (0,0,0))
((2296,3624,96) (2311,3647,111) (0,0,0))
((2304,3648,96) (2319,3671,111) (0,0,0))
((2320,3688,96) (2335,3703,127) (0,0,0))
((2328,3704,96) (2335,3719,127) (0,0,0))
((2384,3816,96) (2399,3847,111) (0,0,0))
((2624,3176,8) (2647,3183,71) (0,0,0))
((2624,3176,72) (2647,3183,119) (0,0,0))
((2624,3184,8) (2639,3199,71) (0,0,0))
((2624,3184,72) (2639,3199,119) (0,0,0))
((2272,3568,104) (2287,3591,127) (0,0,0))
((2280,3592,104) (2295,3607,127) (0,0,0))
((2288,3608,104) (2295,3615,127) (0,0,0))
((2368,2328,112) (2391,2343,119) (0,0,0))
((2328,2424,112) (2343,2447,119) (0,0,0))
((2304,2472,112) (2319,2503,119) (0,0,0))
((2280,2536,112) (2295,2559,119) (0,0,0))
((2272,2560,8) (2287,2575,71) (0,0,0))
((2272,2560,72) (2287,2575,119) (0,0,0))
((2264,2576,8) (2279,2591,71) (0,0,0))
((2264,2576,72) (2279,2591,119) (0,0,0))
((2248,2616,112) (2263,2639,127) (0,0,0))
((2240,2640,112) (2255,2663,127) (0,0,0))
((2232,2664,112) (2247,2687,127) (0,0,0))
((2224,2688,112) (2239,2711,127) (0,0,0))
((2632,2968,96) (2671,2991,127) (0,0,0))
((2664,2992,96) (2687,3023,127) (0,0,0))
((2200,3352,96) (2215,3375,119) (0,0,0))
((2232,3448,112) (2247,3479,119) (0,0,0))
((2248,3496,112) (2263,3527,119) (0,0,0))
((2256,3528,96) (2271,3543,127) (0,0,0))
((2264,3552,0) (2279,3567,63) (0,0,0))
((2264,3552,64) (2279,3567,119) (0,0,0))
((2296,3624,112) (2311,3647,119) (0,0,0))
((2304,3648,112) (2319,3671,119) (0,0,0))
((2384,3816,112) (2399,3847,119) (0,0,0))
((2376,2328,120) (2391,2343,127) (0,0,0))
((2368,2336,120) (2375,2343,127) (0,0,0))
((2360,2344,96) (2383,2359,127) (0,0,0))
((2344,2400,8) (2359,2407,71) (0,0,0))
((2344,2400,72) (2359,2407,127) (0,0,0))
((2344,2408,8) (2351,2423,71) (0,0,0))
((2344,2408,72) (2351,2423,127) (0,0,0))
((2328,2424,120) (2343,2439,127) (0,0,0))
((2320,2440,8) (2327,2447,71) (0,0,0))
((2320,2440,72) (2327,2447,127) (0,0,0))
((2328,2440,120) (2335,2447,127) (0,0,0))
((2320,2448,8) (2335,2455,71) (0,0,0))
((2320,2448,72) (2335,2455,127) (0,0,0))
((2320,2456,8) (2327,2471,71) (0,0,0))
((2320,2456,72) (2327,2471,127) (0,0,0))
((2304,2472,120) (2319,2503,127) (0,0,0))
((2296,2496,8) (2303,2503,71) (0,0,0))
((2296,2496,72) (2303,2503,127) (0,0,0))
((2296,2504,8) (2311,2519,71) (0,0,0))
((2296,2504,72) (2311,2519,127) (0,0,0))
((2288,2512,8) (2295,2519,71) (0,0,0))
((2288,2512,72) (2295,2519,127) (0,0,0))
((2288,2520,8) (2303,2535,71) (0,0,0))
((2288,2520,72) (2303,2535,127) (0,0,0))
((2280,2536,120) (2295,2559,127) (0,0,0))
((2272,2552,8) (2279,2559,71) (0,0,0))
((2272,2552,72) (2279,2559,127) (0,0,0))
((2272,2560,120) (2287,2575,127) (0,0,0))
((2264,2576,120) (2279,2591,127) (0,0,0))
((2208,2768,24) (2223,2775,79) (0,0,0))
((2208,2768,80) (2223,2775,127) (0,0,0))
((2200,2776,24) (2215,2791,79) (0,0,0))
((2200,2776,80) (2215,2791,127) (0,0,0))
((2632,2952,8) (2639,2967,71) (0,0,0))
((2632,2952,72) (2639,2967,127) (0,0,0))
((2456,2960,8) (2471,2975,71) (0,0,0))
((2456,2960,72) (2471,2975,127) (0,0,0))
((2640,2960,8) (2655,2967,71) (0,0,0))
((2640,2960,72) (2655,2967,127) (0,0,0))
((2440,2976,8) (2471,2991,71) (0,0,0))
((2440,2976,72) (2471,2991,127) (0,0,0))
((2640,2992,8) (2663,2999,71) (0,0,0))
((2640,2992,72) (2663,2999,127) (0,0,0))
((2648,3000,8) (2663,3015,71) (0,0,0))
((2648,3000,72) (2663,3015,127) (0,0,0))
((2448,3160,0) (2471,3167,63) (0,0,0))
((2448,3160,64) (2471,3167,127) (0,0,0))
((2456,3168,0) (2471,3183,63) (0,0,0))
((2456,3168,64) (2471,3183,127) (0,0,0))
((2624,3176,120) (2647,3183,127) (0,0,0))
((2624,3184,120) (2639,3199,127) (0,0,0))
((2200,3352,120) (2215,3359,127) (0,0,0))
((2200,3360,120) (2207,3367,127) (0,0,0))
((2208,3360,120) (2223,3375,127) (0,0,0))
((2224,3432,0) (2239,3447,63) (0,0,0))
((2224,3432,64) (2239,3447,127) (0,0,0))
((2224,3448,0) (2231,3455,63) (0,0,0))
((2224,3448,64) (2231,3455,127) (0,0,0))
((2232,3448,120) (2247,3479,127) (0,0,0))
((2240,3480,0) (2255,3495,63) (0,0,0))
((2240,3480,64) (2255,3495,127) (0,0,0))
((2240,3496,0) (2247,3503,63) (0,0,0))
((2240,3496,64) (2247,3503,127) (0,0,0))
((2248,3496,120) (2263,3527,127) (0,0,0))
((2256,3544,0) (2271,3551,63) (0,0,0))
((2256,3544,64) (2271,3551,127) (0,0,0))
((2264,3552,120) (2279,3567,127) (0,0,0))
((2288,3616,0) (2303,3623,63) (0,0,0))
((2288,3616,64) (2303,3623,127) (0,0,0))
((2288,3624,0) (2295,3631,63) (0,0,0))
((2288,3624,64) (2295,3631,127) (0,0,0))
((2296,3624,120) (2311,3647,127) (0,0,0))
((2304,3648,120) (2319,3671,127) (0,0,0))
((2312,3672,0) (2327,3687,63) (0,0,0))
((2312,3672,64) (2327,3687,127) (0,0,0))
((2368,3792,0) (2383,3799,63) (0,0,0))
((2368,3792,64) (2383,3799,127) (0,0,0))
((2368,3800,0) (2375,3807,63) (0,0,0))
((2368,3800,64) (2375,3807,127) (0,0,0))
((2376,3800,0) (2391,3815,63) (0,0,0))
((2376,3800,64) (2391,3815,127) (0,0,0))
((2376,3816,0) (2383,3823,63) (0,0,0))
((2376,3816,64) (2383,3823,127) (0,0,0))
((2384,3816,120) (2399,3847,127) (0,0,0))
)