(789 0
((4432,5496,0) (4439,5511,7) (0,0,0))
((4416,5560,0) (4423,5567,15) (0,0,0))
((4392,5624,0) (4407,5655,7) (0,0,0))
((4392,5656,0) (4399,5671,7) (0,0,0))
((4384,5672,0) (4399,5695,23) (0,0,0))
((4384,5696,0) (4391,5703,23) (0,0,0))
((4376,5704,0) (4391,5735,23) (0,0,0))
((4368,5736,0) (4383,5783,23) (0,0,0))
((4368,5784,0) (4375,5799,23) (0,0,0))
((4360,5800,0) (4375,5831,23) (0,0,0))
((4352,5840,0) (4367,5879,7) (0,0,0))
((5032,5880,0) (5095,5895,23) (0,0,0))
((5096,5880,0) (5159,5895,23) (0,0,0))
((5160,5880,0) (5207,5895,23) (0,0,0))
((4992,5896,0) (5039,5911,23) (0,0,0))
((5040,5896,0) (5079,5911,23) (0,0,0))
((5160,5896,0) (5191,5903,23) (0,0,0))
((5192,5896,0) (5223,5911,23) (0,0,0))
((4984,5912,0) (4999,5927,23) (0,0,0))
((5000,5912,0) (5007,5927,7) (0,0,0))
((5008,5912,0) (5023,5919,7) (0,0,0))
((5216,5912,0) (5223,5919,23) (0,0,0))
((5224,5904,0) (5247,5927,23) (0,0,0))
((5248,5912,0) (5255,5927,7) (0,0,0))
((4968,5920,0) (4983,5927,23) (0,0,0))
((5256,5920,0) (5271,5927,7) (0,0,0))
((4960,5928,0) (4991,5935,23) (0,0,0))
((5240,5928,0) (5247,5935,23) (0,0,0))
((5248,5928,0) (5271,5935,7) (0,0,0))
((4936,5936,0) (4983,5951,23) (0,0,0))
((5256,5936,0) (5271,5943,7) (0,0,0))
((5288,5936,0) (5295,5943,7) (0,0,0))
((5264,5944,0) (5271,5951,7) (0,0,0))
((5272,5928,0) (5287,5959,23) (0,0,0))
((5288,5944,0) (5303,5951,7) (0,0,0))
((4928,5952,0) (4959,5959,7) (0,0,0))
((5288,5952,0) (5311,5959,7) (0,0,0))
((4928,5960,0) (4951,5967,7) (0,0,0))
((5288,5960,0) (5319,5967,7) (0,0,0))
((4928,5968,0) (4943,5975,7) (0,0,0))
((5296,5968,0) (5311,5975,23) (0,0,0))
((5312,5968,0) (5319,5975,7) (0,0,0))
((4928,5976,0) (4935,5983,7) (0,0,0))
((5304,5976,0) (5311,5983,23) (0,0,0))
((5312,5976,0) (5335,5991,7) (0,0,0))
((4904,5984,0) (4911,5991,23) (0,0,0))
((4888,5992,0) (4911,6015,23) (0,0,0))
((4912,5960,0) (4927,6007,23) (0,0,0))
((5312,5992,0) (5343,6007,23) (0,0,0))
((5328,6008,0) (5351,6023,7) (0,0,0))
((4872,6016,0) (4903,6039,23) (0,0,0))
((5336,6024,0) (5359,6039,7) (0,0,0))
((4872,6040,0) (4895,6055,23) (0,0,0))
((5344,6040,0) (5367,6055,23) (0,0,0))
((4864,6056,0) (4887,6071,23) (0,0,0))
((5352,6056,0) (5375,6071,23) (0,0,0))
((4856,6072,0) (4879,6103,23) (0,0,0))
((5360,6072,0) (5383,6111,23) (0,0,0))
((4856,6104,0) (4871,6143,23) (0,0,0))
((5368,6112,0) (5383,6143,23) (0,0,0))
((4856,6144,0) (4871,6183,63) (0,0,0))
((4856,6144,64) (4871,6183,127) (0,0,0))
((4856,6144,128) (4871,6183,191) (0,0,0))
((4856,6144,192) (4871,6183,255) (0,0,0))
((5368,6144,0) (5383,6175,63) (0,0,0))
((5368,6144,64) (5383,6175,127) (0,0,0))
((5368,6144,128) (5383,6175,191) (0,0,0))
((5368,6144,192) (5383,6175,255) (0,0,0))
((5360,6176,0) (5383,6191,63) (0,0,0))
((5360,6176,64) (5383,6191,127) (0,0,0))
((5360,6176,128) (5383,6191,191) (0,0,0))
((5360,6176,192) (5383,6191,255) (0,0,0))
((4856,6184,0) (4879,6199,63) (0,0,0))
((4856,6184,64) (4879,6199,127) (0,0,0))
((4856,6184,128) (4879,6199,191) (0,0,0))
((4856,6184,192) (4879,6199,255) (0,0,0))
((5352,6192,0) (5375,6223,63) (0,0,0))
((5352,6192,64) (5375,6223,127) (0,0,0))
((5352,6192,128) (5375,6223,191) (0,0,0))
((5352,6192,192) (5375,6223,255) (0,0,0))
((4864,6200,0) (4887,6231,63) (0,0,0))
((4864,6200,64) (4887,6231,127) (0,0,0))
((4864,6200,128) (4887,6231,191) (0,0,0))
((4864,6200,192) (4887,6231,255) (0,0,0))
((5352,6224,0) (5367,6231,7) (0,0,0))
((4872,6232,0) (4887,6239,63) (0,0,0))
((4872,6232,64) (4887,6239,127) (0,0,0))
((4872,6232,128) (4887,6239,191) (0,0,0))
((4872,6232,192) (4887,6239,255) (0,0,0))
((4872,6240,0) (4895,6255,63) (0,0,0))
((4872,6240,64) (4895,6255,127) (0,0,0))
((4872,6240,128) (4895,6255,191) (0,0,0))
((4872,6240,192) (4895,6255,255) (0,0,0))
((5344,6232,0) (5367,6247,7) (0,0,0))
((4880,6256,0) (4903,6271,23) (0,0,0))
((5336,6248,0) (5359,6271,7) (0,0,0))
((4888,6272,0) (4911,6279,7) (0,0,0))
((5328,6264,0) (5335,6279,7) (0,0,0))
((5336,6272,0) (5351,6279,7) (0,0,0))
((4896,6280,0) (4927,6295,7) (0,0,0))
((5312,6288,0) (5319,6295,7) (0,0,0))
((5320,6280,0) (5343,6295,7) (0,0,0))
((4904,6296,0) (4935,6311,23) (0,0,0))
((5304,6296,0) (5335,6311,7) (0,0,0))
((4912,6312,0) (4943,6319,7) (0,0,0))
((5296,6312,0) (5319,6319,7) (0,0,0))
((4920,6320,0) (4951,6327,7) (0,0,0))
((5288,6320,0) (5319,6327,23) (0,0,0))
((4928,6328,0) (4959,6335,7) (0,0,0))
((5280,6328,0) (5311,6335,23) (0,0,0))
((5264,6336,0) (5303,6343,7) (0,0,0))
((5240,6344,0) (5287,6359,7) (0,0,0))
((4984,6352,0) (4999,6359,23) (0,0,0))
((4968,6344,0) (4983,6367,23) (0,0,0))
((4984,6360,0) (4991,6375,23) (0,0,0))
((4992,6360,0) (5007,6375,63) (0,0,0))
((4992,6360,64) (5007,6375,127) (0,0,0))
((4992,6360,128) (5007,6375,191) (0,0,0))
((4992,6360,192) (5007,6375,255) (0,0,0))
((5224,6360,0) (5247,6375,23) (0,0,0))
((5008,6368,0) (5031,6375,63) (0,0,0))
((5008,6368,64) (5031,6375,127) (0,0,0))
((5008,6368,128) (5031,6375,191) (0,0,0))
((5008,6368,192) (5031,6375,255) (0,0,0))
((5208,6368,0) (5223,6375,63) (0,0,0))
((5208,6368,64) (5223,6375,127) (0,0,0))
((5208,6368,128) (5223,6375,191) (0,0,0))
((5208,6368,192) (5223,6375,247) (0,0,0))
((4352,6376,0) (4359,6383,63) (0,0,0))
((4352,6376,64) (4359,6383,127) (0,0,0))
((4352,6376,128) (4359,6383,191) (0,0,0))
((4352,6376,192) (4359,6383,255) (0,0,0))
((5000,6376,0) (5047,6383,63) (0,0,0))
((5000,6376,64) (5047,6383,127) (0,0,0))
((5000,6376,128) (5047,6383,191) (0,0,0))
((5000,6376,192) (5047,6383,247) (0,0,0))
((5184,6376,0) (5223,6383,63) (0,0,0))
((5184,6376,64) (5223,6383,127) (0,0,0))
((5184,6376,128) (5223,6383,191) (0,0,0))
((5184,6376,192) (5223,6383,247) (0,0,0))
((5224,6376,0) (5239,6383,23) (0,0,0))
((5016,6384,0) (5055,6391,63) (0,0,0))
((5056,6384,0) (5087,6391,63) (0,0,0))
((5016,6384,64) (5055,6391,127) (0,0,0))
((5056,6384,64) (5087,6391,127) (0,0,0))
((5016,6384,128) (5055,6391,191) (0,0,0))
((5056,6384,128) (5087,6391,191) (0,0,0))
((5016,6384,192) (5055,6391,247) (0,0,0))
((5056,6384,192) (5087,6391,247) (0,0,0))
((5152,6384,0) (5191,6391,63) (0,0,0))
((5192,6384,0) (5223,6391,63) (0,0,0))
((5152,6384,64) (5191,6391,127) (0,0,0))
((5192,6384,64) (5223,6391,127) (0,0,0))
((5152,6384,128) (5191,6391,191) (0,0,0))
((5192,6384,128) (5223,6391,191) (0,0,0))
((5152,6384,192) (5191,6391,247) (0,0,0))
((5192,6384,192) (5223,6391,247) (0,0,0))
((4352,6392,0) (4367,6423,39) (0,0,0))
((4352,6392,40) (4367,6423,71) (0,0,0))
((5040,6392,0) (5103,6407,63) (0,0,0))
((5104,6392,0) (5167,6407,63) (0,0,0))
((5040,6392,64) (5103,6407,127) (0,0,0))
((5104,6392,64) (5167,6407,127) (0,0,0))
((5040,6392,128) (5103,6407,191) (0,0,0))
((5104,6392,128) (5167,6407,191) (0,0,0))
((5040,6392,192) (5103,6407,247) (0,0,0))
((5104,6392,192) (5167,6407,247) (0,0,0))
((5168,6392,0) (5199,6399,63) (0,0,0))
((5168,6392,64) (5199,6399,127) (0,0,0))
((5168,6392,128) (5199,6399,191) (0,0,0))
((5168,6392,192) (5199,6399,247) (0,0,0))
((4360,6424,0) (4375,6479,39) (0,0,0))
((4360,6424,40) (4375,6479,71) (0,0,0))
((4368,6480,0) (4375,6503,39) (0,0,0))
((4368,6480,40) (4375,6503,71) (0,0,0))
((4368,6504,0) (4383,6527,55) (0,0,0))
((4376,6528,0) (4383,6551,55) (0,0,0))
((4376,6552,0) (4391,6567,47) (0,0,0))
((4376,6568,0) (4391,6575,55) (0,0,0))
((4384,6576,0) (4391,6591,39) (0,0,0))
((4384,6592,0) (4399,6615,39) (0,0,0))
((4392,6616,0) (4399,6631,39) (0,0,0))
((4392,6632,0) (4407,6663,7) (0,0,0))
((4400,6664,0) (4407,6671,7) (0,0,0))
((4416,6720,0) (4423,6727,55) (0,0,0))
((4424,6752,0) (4431,6759,23) (0,0,0))
((4432,6784,0) (4439,6799,23) (0,0,0))
((4400,5600,8) (4415,5607,39) (0,0,0))
((4392,5624,8) (4407,5647,31) (0,0,0))
((4360,5832,8) (4367,5855,31) (0,0,0))
((4352,5856,8) (4367,5879,31) (0,0,0))
((4888,6272,8) (4911,6279,23) (0,0,0))
((5320,6272,8) (5351,6287,23) (0,0,0))
((4896,6280,8) (4927,6295,23) (0,0,0))
((4912,6312,8) (4943,6319,23) (0,0,0))
((4920,6320,8) (4959,6335,23) (0,0,0))
((4936,6336,0) (4975,6343,23) (0,0,0))
((5264,6336,8) (5303,6343,23) (0,0,0))
((5240,6344,8) (5287,6359,23) (0,0,0))
((4392,6632,8) (4407,6671,55) (0,0,0))
((4400,6680,0) (4415,6687,55) (0,0,0))
((4416,5560,16) (4423,5567,39) (0,0,0))
((4392,5648,8) (4407,5655,23) (0,0,0))
((4392,5656,8) (4399,5671,31) (0,0,0))
((4384,5672,24) (4399,5695,31) (0,0,0))
((4376,5696,24) (4391,5735,31) (0,0,0))
((4368,5736,24) (4383,5783,31) (0,0,0))
((4368,5784,24) (4375,5799,31) (0,0,0))
((4360,5800,24) (4375,5831,31) (0,0,0))
((5032,5880,24) (5095,5895,87) (0,0,0))
((5096,5880,24) (5159,5895,87) (0,0,0))
((5160,5880,24) (5207,5895,87) (0,0,0))
((5032,5880,88) (5095,5895,135) (0,0,0))
((5096,5880,88) (5159,5895,135) (0,0,0))
((5160,5880,88) (5207,5895,135) (0,0,0))
((4992,5896,24) (5039,5911,55) (0,0,0))
((5040,5896,24) (5079,5911,55) (0,0,0))
((5160,5896,24) (5191,5903,87) (0,0,0))
((5160,5896,88) (5191,5903,135) (0,0,0))
((5192,5896,24) (5223,5911,87) (0,0,0))
((5192,5896,88) (5223,5911,135) (0,0,0))
((4984,5912,24) (4999,5935,55) (0,0,0))
((5216,5912,24) (5223,5919,87) (0,0,0))
((5216,5912,88) (5223,5919,135) (0,0,0))
((5224,5904,24) (5247,5927,87) (0,0,0))
((5224,5904,88) (5247,5927,135) (0,0,0))
((4968,5920,24) (4983,5927,55) (0,0,0))
((4960,5928,24) (4983,5935,71) (0,0,0))
((4960,5928,72) (4983,5935,103) (0,0,0))
((5240,5928,24) (5247,5935,87) (0,0,0))
((5240,5928,88) (5247,5935,135) (0,0,0))
((4936,5936,24) (4983,5951,71) (0,0,0))
((4936,5936,72) (4983,5951,103) (0,0,0))
((5272,5928,24) (5287,5959,87) (0,0,0))
((5272,5928,88) (5287,5959,135) (0,0,0))
((5296,5968,24) (5311,5983,55) (0,0,0))
((4904,5984,24) (4911,5991,55) (0,0,0))
((4888,5992,24) (4911,6015,55) (0,0,0))
((4912,5960,24) (4927,6007,87) (0,0,0))
((4912,5960,88) (4927,6007,151) (0,0,0))
((4912,5960,152) (4927,6007,199) (0,0,0))
((5312,5992,24) (5343,6007,87) (0,0,0))
((5312,5992,88) (5343,6007,135) (0,0,0))
((4872,6016,24) (4903,6039,55) (0,0,0))
((4872,6040,24) (4895,6055,55) (0,0,0))
((5344,6040,24) (5367,6055,87) (0,0,0))
((5344,6040,88) (5367,6055,135) (0,0,0))
((4864,6056,24) (4887,6071,87) (0,0,0))
((4864,6056,88) (4887,6071,143) (0,0,0))
((4864,6056,144) (4887,6071,199) (0,0,0))
((4864,6056,200) (4887,6071,255) (0,0,0))
((5352,6056,24) (5375,6071,55) (0,0,0))
((4856,6072,24) (4879,6103,87) (0,0,0))
((4856,6072,88) (4879,6103,143) (0,0,0))
((4856,6072,144) (4879,6103,199) (0,0,0))
((4856,6072,200) (4879,6103,255) (0,0,0))
((5360,6072,24) (5383,6111,55) (0,0,0))
((4856,6104,24) (4871,6143,87) (0,0,0))
((4856,6104,88) (4871,6143,143) (0,0,0))
((4856,6104,144) (4871,6143,199) (0,0,0))
((4856,6104,200) (4871,6143,255) (0,0,0))
((5368,6112,24) (5383,6143,55) (0,0,0))
((4880,6256,24) (4903,6271,55) (0,0,0))
((4888,6272,24) (4911,6279,39) (0,0,0))
((5320,6272,24) (5351,6287,39) (0,0,0))
((4896,6280,24) (4927,6295,39) (0,0,0))
((4904,6296,24) (4935,6311,87) (0,0,0))
((4904,6296,88) (4935,6311,143) (0,0,0))
((4904,6296,144) (4935,6311,199) (0,0,0))
((4904,6296,200) (4935,6311,255) (0,0,0))
((4912,6312,24) (4943,6319,39) (0,0,0))
((4920,6320,24) (4959,6335,39) (0,0,0))
((5280,6320,24) (5319,6335,55) (0,0,0))
((4968,6336,24) (4975,6343,87) (0,0,0))
((4968,6336,88) (4975,6343,143) (0,0,0))
((4968,6336,144) (4975,6343,199) (0,0,0))
((4968,6336,200) (4975,6343,255) (0,0,0))
((5264,6336,24) (5303,6343,39) (0,0,0))
((5240,6344,24) (5287,6359,39) (0,0,0))
((4992,6352,24) (4999,6359,87) (0,0,0))
((4992,6352,88) (4999,6359,151) (0,0,0))
((4992,6352,152) (4999,6359,215) (0,0,0))
((4992,6352,216) (4999,6359,247) (0,0,0))
((4968,6344,24) (4983,6367,87) (0,0,0))
((4968,6344,88) (4983,6367,143) (0,0,0))
((4968,6344,144) (4983,6367,199) (0,0,0))
((4968,6344,200) (4983,6367,255) (0,0,0))
((4984,6352,24) (4991,6375,87) (0,0,0))
((4984,6352,88) (4991,6375,143) (0,0,0))
((4984,6352,144) (4991,6375,199) (0,0,0))
((4984,6352,200) (4991,6375,255) (0,0,0))
((5224,6360,24) (5247,6383,55) (0,0,0))
((4424,6752,24) (4431,6759,39) (0,0,0))
((4432,6784,24) (4439,6799,87) (0,0,0))
((4432,6784,88) (4439,6799,143) (0,0,0))
((4432,6784,144) (4439,6799,199) (0,0,0))
((4432,6784,200) (4439,6799,255) (0,0,0))
((4392,5616,32) (4407,5655,87) (0,0,0))
((4384,5656,32) (4399,5711,87) (0,0,0))
((4376,5712,32) (4391,5759,87) (0,0,0))
((4368,5760,32) (4383,5783,87) (0,0,0))
((4360,5784,32) (4375,5831,87) (0,0,0))
((4352,5840,32) (4367,5879,87) (0,0,0))
((4432,5488,40) (4439,5503,95) (0,0,0))
((4432,5488,96) (4439,5503,143) (0,0,0))
((4432,5488,144) (4439,5503,191) (0,0,0))
((4416,5560,40) (4423,5567,87) (0,0,0))
((4400,5600,40) (4415,5607,47) (0,0,0))
((4888,6272,40) (4911,6279,55) (0,0,0))
((5320,6272,40) (5351,6287,55) (0,0,0))
((4896,6280,40) (4927,6295,55) (0,0,0))
((4912,6312,40) (4943,6319,55) (0,0,0))
((4920,6320,40) (4959,6335,55) (0,0,0))
((5264,6336,40) (5303,6343,55) (0,0,0))
((5240,6344,40) (5287,6359,55) (0,0,0))
((4384,6576,40) (4391,6591,71) (0,0,0))
((4384,6592,40) (4399,6615,71) (0,0,0))
((4392,6616,40) (4399,6631,71) (0,0,0))
((4400,5592,48) (4415,5607,63) (0,0,0))
((4992,5896,56) (5023,5911,87) (0,0,0))
((5024,5896,56) (5079,5911,111) (0,0,0))
((5024,5896,112) (5079,5911,159) (0,0,0))
((5024,5896,160) (5079,5911,207) (0,0,0))
((5024,5896,208) (5079,5911,255) (0,0,0))
((4984,5912,56) (4999,5935,87) (0,0,0))
((4968,5920,56) (4983,5927,103) (0,0,0))
((5296,5968,56) (5311,5983,87) (0,0,0))
((4888,5984,56) (4911,6015,87) (0,0,0))
((4872,6016,56) (4903,6055,87) (0,0,0))
((5352,6056,56) (5375,6071,103) (0,0,0))
((5352,6056,104) (5375,6071,135) (0,0,0))
((5360,6072,56) (5383,6111,111) (0,0,0))
((5360,6072,112) (5383,6111,159) (0,0,0))
((5360,6072,160) (5383,6111,207) (0,0,0))
((5360,6072,208) (5383,6111,255) (0,0,0))
((5368,6112,56) (5383,6143,111) (0,0,0))
((5368,6112,112) (5383,6143,159) (0,0,0))
((5368,6112,160) (5383,6143,207) (0,0,0))
((5368,6112,208) (5383,6143,255) (0,0,0))
((4880,6256,56) (4903,6271,87) (0,0,0))
((4888,6272,56) (4911,6279,71) (0,0,0))
((5320,6272,56) (5351,6287,71) (0,0,0))
((4896,6280,56) (4927,6295,71) (0,0,0))
((4912,6312,56) (4943,6319,71) (0,0,0))
((4920,6320,56) (4959,6335,71) (0,0,0))
((5280,6320,56) (5319,6335,87) (0,0,0))
((5264,6336,56) (5303,6343,71) (0,0,0))
((5240,6344,56) (5287,6359,71) (0,0,0))
((5224,6360,56) (5247,6383,87) (0,0,0))
((4376,6528,56) (4383,6551,71) (0,0,0))
((4392,6632,56) (4407,6671,71) (0,0,0))
((4416,6720,56) (4423,6727,87) (0,0,0))
((4424,5528,64) (4431,5535,127) (0,0,0))
((4424,5528,128) (4431,5535,191) (0,0,0))
((4424,5528,192) (4431,5535,239) (0,0,0))
((4400,5600,64) (4415,5607,79) (0,0,0))
((4376,6552,64) (4391,6567,71) (0,0,0))
((4888,6272,72) (4911,6279,87) (0,0,0))
((5320,6272,72) (5351,6287,87) (0,0,0))
((4896,6280,72) (4927,6295,87) (0,0,0))
((4912,6312,72) (4943,6319,87) (0,0,0))
((4920,6320,72) (4959,6335,87) (0,0,0))
((5264,6336,72) (5303,6343,87) (0,0,0))
((5240,6344,72) (5287,6359,87) (0,0,0))
((4352,6392,72) (4367,6455,135) (0,0,0))
((4352,6392,136) (4367,6455,167) (0,0,0))
((4360,6456,72) (4375,6479,135) (0,0,0))
((4360,6456,136) (4375,6479,167) (0,0,0))
((4368,6480,72) (4375,6503,135) (0,0,0))
((4368,6480,136) (4375,6503,167) (0,0,0))
((4368,6504,56) (4383,6527,119) (0,0,0))
((4368,6504,120) (4383,6527,151) (0,0,0))
((4376,6528,72) (4391,6567,119) (0,0,0))
((4376,6528,120) (4391,6567,151) (0,0,0))
((4376,6568,56) (4391,6575,119) (0,0,0))
((4376,6568,120) (4391,6575,151) (0,0,0))
((4384,6576,72) (4391,6591,119) (0,0,0))
((4384,6592,72) (4399,6615,103) (0,0,0))
((4392,6616,72) (4399,6631,103) (0,0,0))
((4392,6632,72) (4407,6655,119) (0,0,0))
((4400,6656,72) (4407,6671,119) (0,0,0))
((4400,6656,120) (4407,6671,159) (0,0,0))
((4400,6680,56) (4415,6687,119) (0,0,0))
((4400,6680,120) (4415,6687,151) (0,0,0))
((4416,5560,88) (4423,5567,151) (0,0,0))
((4416,5560,152) (4423,5567,183) (0,0,0))
((4400,5600,88) (4415,5607,103) (0,0,0))
((4392,5616,88) (4407,5655,119) (0,0,0))
((4384,5656,88) (4399,5711,119) (0,0,0))
((4376,5712,88) (4391,5759,119) (0,0,0))
((4368,5760,88) (4383,5783,119) (0,0,0))
((4360,5784,88) (4375,5831,119) (0,0,0))
((4360,5832,88) (4375,5839,95) (0,0,0))
((4352,5856,88) (4367,5879,119) (0,0,0))
((4888,5984,88) (4911,6015,127) (0,0,0))
((4872,6016,88) (4903,6055,127) (0,0,0))
((4888,6272,88) (4911,6279,103) (0,0,0))
((5320,6272,88) (5351,6287,103) (0,0,0))
((4896,6280,88) (4927,6295,103) (0,0,0))
((4912,6312,88) (4943,6319,103) (0,0,0))
((4920,6320,88) (4959,6335,103) (0,0,0))
((5264,6336,88) (5303,6343,103) (0,0,0))
((5240,6344,88) (5287,6359,103) (0,0,0))
((4416,6720,88) (4423,6735,127) (0,0,0))
((4360,5840,88) (4367,5855,119) (0,0,0))
((4992,5896,88) (5023,5911,127) (0,0,0))
((4984,5912,88) (4999,5935,127) (0,0,0))
((4968,5920,104) (4983,5927,159) (0,0,0))
((4968,5920,160) (4983,5927,207) (0,0,0))
((4968,5920,208) (4983,5927,255) (0,0,0))
((4960,5928,104) (4983,5935,159) (0,0,0))
((4960,5928,160) (4983,5935,207) (0,0,0))
((4960,5928,208) (4983,5935,255) (0,0,0))
((4936,5936,104) (4983,5951,159) (0,0,0))
((4936,5936,160) (4983,5951,207) (0,0,0))
((4936,5936,208) (4983,5951,255) (0,0,0))
((5296,5968,88) (5311,5983,127) (0,0,0))
((4880,6256,88) (4903,6271,127) (0,0,0))
((4888,6272,104) (4911,6279,111) (0,0,0))
((5320,6272,104) (5351,6287,111) (0,0,0))
((4896,6280,104) (4927,6295,111) (0,0,0))
((4912,6312,104) (4943,6319,111) (0,0,0))
((4920,6320,104) (4959,6335,111) (0,0,0))
((5280,6320,88) (5319,6335,127) (0,0,0))
((5264,6336,104) (5303,6343,111) (0,0,0))
((5240,6344,104) (5287,6359,111) (0,0,0))
((5224,6360,88) (5247,6383,127) (0,0,0))
((4384,6592,104) (4399,6631,119) (0,0,0))
((4888,6272,112) (4911,6279,127) (0,0,0))
((5320,6272,112) (5351,6287,127) (0,0,0))
((4896,6280,112) (4927,6295,127) (0,0,0))
((4912,6312,112) (4943,6319,127) (0,0,0))
((4920,6320,112) (4959,6335,127) (0,0,0))
((5264,6336,112) (5303,6343,127) (0,0,0))
((5240,6344,112) (5287,6359,127) (0,0,0))
((4440,5464,120) (4447,5479,135) (0,0,0))
((4400,5592,104) (4415,5607,151) (0,0,0))
((4392,5632,120) (4407,5655,151) (0,0,0))
((4384,5656,120) (4399,5695,151) (0,0,0))
((4376,5696,120) (4391,5735,151) (0,0,0))
((4376,5736,120) (4383,5759,151) (0,0,0))
((4368,5760,120) (4383,5807,151) (0,0,0))
((4360,5808,120) (4375,5839,151) (0,0,0))
((4352,5840,120) (4367,5879,151) (0,0,0))
((4384,6576,120) (4391,6583,151) (0,0,0))
((4384,6584,120) (4399,6631,167) (0,0,0))
((4384,6584,168) (4399,6631,207) (0,0,0))
((4392,6640,120) (4407,6655,167) (0,0,0))
((4392,6640,168) (4407,6655,207) (0,0,0))
((4400,5624,128) (4407,5631,135) (0,0,0))
((4992,5896,128) (5023,5911,159) (0,0,0))
((4984,5912,128) (4999,5935,159) (0,0,0))
((5296,5968,128) (5311,5983,159) (0,0,0))
((4888,5984,128) (4911,6015,191) (0,0,0))
((4872,6016,128) (4903,6055,191) (0,0,0))
((4880,6256,128) (4903,6271,159) (0,0,0))
((4888,6272,128) (4911,6279,143) (0,0,0))
((5320,6272,128) (5351,6287,143) (0,0,0))
((4896,6280,128) (4927,6295,143) (0,0,0))
((4912,6312,128) (4943,6319,143) (0,0,0))
((4920,6320,128) (4959,6335,143) (0,0,0))
((5280,6320,128) (5319,6335,159) (0,0,0))
((5264,6336,128) (5303,6343,143) (0,0,0))
((5240,6344,128) (5287,6359,143) (0,0,0))
((5224,6360,128) (5247,6383,159) (0,0,0))
((4416,6720,128) (4423,6735,159) (0,0,0))
((5032,5880,136) (5095,5895,199) (0,0,0))
((5096,5880,136) (5159,5895,199) (0,0,0))
((5160,5880,136) (5207,5895,199) (0,0,0))
((5032,5880,200) (5095,5895,255) (0,0,0))
((5096,5880,200) (5159,5895,255) (0,0,0))
((5160,5880,200) (5207,5895,255) (0,0,0))
((5160,5896,136) (5191,5903,199) (0,0,0))
((5160,5896,200) (5191,5903,255) (0,0,0))
((5192,5896,136) (5223,5911,199) (0,0,0))
((5192,5896,200) (5223,5911,255) (0,0,0))
((5216,5912,136) (5223,5919,199) (0,0,0))
((5216,5912,200) (5223,5919,255) (0,0,0))
((5224,5904,136) (5247,5927,199) (0,0,0))
((5224,5904,200) (5247,5927,255) (0,0,0))
((5240,5928,136) (5247,5935,199) (0,0,0))
((5240,5928,200) (5247,5935,255) (0,0,0))
((5272,5928,136) (5287,5959,199) (0,0,0))
((5272,5928,200) (5287,5959,255) (0,0,0))
((5312,5992,136) (5343,6007,199) (0,0,0))
((5312,5992,200) (5343,6007,255) (0,0,0))
((5344,6040,136) (5367,6055,199) (0,0,0))
((5344,6040,200) (5367,6055,255) (0,0,0))
((5352,6056,136) (5375,6071,199) (0,0,0))
((5352,6056,200) (5375,6071,255) (0,0,0))
((4888,6272,144) (4911,6279,159) (0,0,0))
((5320,6272,144) (5351,6287,159) (0,0,0))
((4896,6280,144) (4927,6295,159) (0,0,0))
((4912,6312,144) (4943,6319,159) (0,0,0))
((4920,6320,144) (4959,6335,159) (0,0,0))
((5264,6336,144) (5303,6343,159) (0,0,0))
((5240,6344,144) (5287,6359,159) (0,0,0))
((4400,5592,152) (4415,5607,159) (0,0,0))
((4400,5608,136) (4415,5615,159) (0,0,0))
((4392,5632,152) (4407,5671,183) (0,0,0))
((4384,5672,152) (4399,5695,183) (0,0,0))
((4376,5696,152) (4391,5735,183) (0,0,0))
((4376,5736,152) (4383,5759,183) (0,0,0))
((4368,5760,152) (4383,5807,183) (0,0,0))
((4360,5808,152) (4375,5839,183) (0,0,0))
((4352,5840,152) (4367,5879,183) (0,0,0))
((4384,6576,152) (4391,6583,207) (0,0,0))
((4440,5464,160) (4447,5479,175) (0,0,0))
((4992,5896,160) (5023,5911,191) (0,0,0))
((4984,5912,160) (4999,5935,191) (0,0,0))
((5296,5968,160) (5311,5983,191) (0,0,0))
((4880,6256,160) (4903,6271,191) (0,0,0))
((4888,6272,160) (4911,6279,175) (0,0,0))
((5320,6272,160) (5351,6287,175) (0,0,0))
((4896,6280,160) (4927,6295,175) (0,0,0))
((4912,6312,160) (4943,6319,175) (0,0,0))
((4920,6320,160) (4959,6335,175) (0,0,0))
((5280,6320,160) (5319,6335,191) (0,0,0))
((5264,6336,160) (5303,6343,175) (0,0,0))
((5240,6344,160) (5287,6359,175) (0,0,0))
((5224,6360,160) (5247,6383,191) (0,0,0))
((4416,6720,160) (4423,6727,191) (0,0,0))
((4400,5616,136) (4407,5631,183) (0,0,0))
((4352,6392,168) (4367,6455,215) (0,0,0))
((4352,6392,216) (4367,6455,255) (0,0,0))
((4360,6456,168) (4375,6479,215) (0,0,0))
((4360,6456,216) (4375,6479,255) (0,0,0))
((4368,6480,168) (4375,6503,215) (0,0,0))
((4368,6480,216) (4375,6503,255) (0,0,0))
((4368,6504,152) (4383,6527,207) (0,0,0))
((4368,6504,208) (4383,6527,255) (0,0,0))
((4376,6528,152) (4391,6575,207) (0,0,0))
((4376,6528,208) (4391,6575,255) (0,0,0))
((4888,6272,176) (4911,6279,191) (0,0,0))
((5320,6272,176) (5351,6287,191) (0,0,0))
((4896,6280,176) (4927,6295,191) (0,0,0))
((4912,6312,176) (4943,6319,191) (0,0,0))
((4920,6320,176) (4959,6335,191) (0,0,0))
((5264,6336,176) (5303,6343,191) (0,0,0))
((5240,6344,176) (5287,6359,191) (0,0,0))
((4400,5600,160) (4415,5607,207) (0,0,0))
((4400,5600,208) (4415,5607,239) (0,0,0))
((4392,5656,184) (4399,5671,191) (0,0,0))
((4384,5672,184) (4399,5695,239) (0,0,0))
((4376,5696,184) (4391,5735,239) (0,0,0))
((4368,5736,184) (4383,5783,239) (0,0,0))
((4360,5784,184) (4375,5839,239) (0,0,0))
((4352,5840,184) (4367,5879,239) (0,0,0))
((4400,6656,160) (4407,6671,199) (0,0,0))
((4400,6680,160) (4415,6687,191) (0,0,0))
((4392,5664,192) (4399,5671,199) (0,0,0))
((4992,5896,192) (5023,5911,223) (0,0,0))
((4984,5912,192) (4999,5935,223) (0,0,0))
((5296,5968,192) (5311,5983,223) (0,0,0))
((4888,5984,192) (4911,6015,223) (0,0,0))
((4872,6016,192) (4903,6055,223) (0,0,0))
((4880,6256,192) (4903,6271,223) (0,0,0))
((4888,6272,192) (4911,6279,207) (0,0,0))
((5320,6272,192) (5351,6287,207) (0,0,0))
((4896,6280,192) (4927,6295,207) (0,0,0))
((4912,6312,192) (4943,6319,207) (0,0,0))
((4920,6320,192) (4959,6335,207) (0,0,0))
((5280,6320,192) (5319,6335,223) (0,0,0))
((5264,6336,192) (5303,6343,207) (0,0,0))
((5240,6344,192) (5287,6359,207) (0,0,0))
((5224,6360,192) (5247,6383,223) (0,0,0))
((4400,6672,192) (4415,6679,199) (0,0,0))
((4408,5568,200) (4423,5575,215) (0,0,0))
((4912,5960,200) (4927,6007,255) (0,0,0))
((4416,6720,192) (4423,6727,231) (0,0,0))
((4392,5616,184) (4407,5647,223) (0,0,0))
((4392,5656,200) (4399,5663,215) (0,0,0))
((4888,6272,208) (4911,6279,223) (0,0,0))
((5320,6272,208) (5351,6287,223) (0,0,0))
((4896,6280,208) (4927,6295,223) (0,0,0))
((4912,6312,208) (4943,6319,223) (0,0,0))
((4920,6320,208) (4959,6335,223) (0,0,0))
((5264,6336,208) (5303,6343,223) (0,0,0))
((5240,6344,208) (5287,6359,223) (0,0,0))
((4384,6576,208) (4391,6583,255) (0,0,0))
((4384,6584,208) (4399,6631,247) (0,0,0))
((4392,6632,208) (4407,6647,247) (0,0,0))
((4392,6648,208) (4407,6655,255) (0,0,0))
((4400,5616,224) (4407,5623,239) (0,0,0))
((4392,5632,224) (4407,5647,239) (0,0,0))
((4392,5664,216) (4399,5671,239) (0,0,0))
((4984,5912,224) (4999,5935,239) (0,0,0))
((5296,5968,224) (5311,5983,239) (0,0,0))
((4904,5984,224) (4911,5991,255) (0,0,0))
((4888,5992,224) (4911,6015,255) (0,0,0))
((4872,6016,224) (4903,6039,255) (0,0,0))
((4872,6040,224) (4895,6055,255) (0,0,0))
((4888,6272,224) (4911,6279,239) (0,0,0))
((5320,6272,224) (5351,6287,239) (0,0,0))
((4896,6280,224) (4927,6295,239) (0,0,0))
((4912,6312,224) (4943,6319,239) (0,0,0))
((4920,6320,224) (4959,6335,239) (0,0,0))
((5280,6320,224) (5319,6335,239) (0,0,0))
((5264,6336,224) (5303,6343,239) (0,0,0))
((5240,6344,224) (5287,6359,239) (0,0,0))
((5224,6360,224) (5247,6383,239) (0,0,0))
((4400,6664,200) (4415,6679,239) (0,0,0))
((4416,6720,232) (4423,6727,255) (0,0,0))
((4432,5496,216) (4439,5503,247) (0,0,0))
((4400,5600,240) (4415,5607,255) (0,0,0))
((4392,5648,240) (4399,5671,247) (0,0,0))
((4384,5672,240) (4399,5695,255) (0,0,0))
((4384,5696,240) (4391,5703,255) (0,0,0))
((4376,5704,240) (4391,5719,255) (0,0,0))
((4360,5800,240) (4375,5839,247) (0,0,0))
((4352,5856,240) (4367,5879,255) (0,0,0))
((4992,5896,224) (5023,5911,255) (0,0,0))
((4984,5912,240) (4999,5927,255) (0,0,0))
((4984,5928,240) (4991,5935,255) (0,0,0))
((5256,5936,8) (5271,5951,71) (0,0,0))
((5256,5936,72) (5271,5951,135) (0,0,0))
((5256,5936,136) (5271,5951,199) (0,0,0))
((5256,5936,200) (5271,5951,247) (0,0,0))
((5288,5936,8) (5303,5951,71) (0,0,0))
((5288,5936,72) (5303,5951,135) (0,0,0))
((5288,5936,136) (5303,5951,199) (0,0,0))
((5288,5936,200) (5303,5951,247) (0,0,0))
((4928,5952,8) (4959,5967,71) (0,0,0))
((4928,5952,72) (4959,5967,135) (0,0,0))
((4928,5952,136) (4959,5967,199) (0,0,0))
((4928,5952,200) (4959,5967,247) (0,0,0))
((5288,5952,8) (5319,5967,71) (0,0,0))
((5288,5952,72) (5319,5967,135) (0,0,0))
((5288,5952,136) (5319,5967,199) (0,0,0))
((5288,5952,200) (5319,5967,247) (0,0,0))
((4928,5968,8) (4943,5983,71) (0,0,0))
((4928,5968,72) (4943,5983,135) (0,0,0))
((4928,5968,136) (4943,5983,199) (0,0,0))
((4928,5968,200) (4943,5983,247) (0,0,0))
((5296,5968,240) (5311,5975,255) (0,0,0))
((5304,5976,240) (5311,5983,255) (0,0,0))
((5344,6224,8) (5367,6239,71) (0,0,0))
((5344,6224,72) (5367,6239,135) (0,0,0))
((5344,6224,136) (5367,6239,199) (0,0,0))
((5344,6224,200) (5367,6239,247) (0,0,0))
((5336,6240,8) (5367,6255,71) (0,0,0))
((5336,6240,72) (5367,6255,135) (0,0,0))
((5336,6240,136) (5367,6255,199) (0,0,0))
((5336,6240,200) (5367,6255,247) (0,0,0))
((4880,6256,224) (4903,6271,255) (0,0,0))
((4888,6272,240) (4911,6279,247) (0,0,0))
((5320,6272,240) (5351,6287,247) (0,0,0))
((4896,6280,240) (4927,6295,247) (0,0,0))
((5304,6288,8) (5319,6303,71) (0,0,0))
((5304,6288,72) (5319,6303,135) (0,0,0))
((5304,6288,136) (5319,6303,199) (0,0,0))
((5304,6288,200) (5319,6303,247) (0,0,0))
((5296,6304,8) (5319,6319,71) (0,0,0))
((5296,6304,72) (5319,6319,135) (0,0,0))
((5296,6304,136) (5319,6319,199) (0,0,0))
((5296,6304,200) (5319,6319,247) (0,0,0))
((4912,6312,240) (4943,6319,247) (0,0,0))
((4920,6320,240) (4959,6335,247) (0,0,0))
((5280,6328,240) (5311,6335,255) (0,0,0))
((5264,6336,240) (5303,6343,247) (0,0,0))
((5240,6344,240) (5287,6359,247) (0,0,0))
((4400,6664,240) (4415,6687,247) (0,0,0))
((4432,5496,248) (4439,5511,255) (0,0,0))
((4408,5560,216) (4423,5575,255) (0,0,0))
((4392,5640,248) (4407,5655,255) (0,0,0))
((4392,5656,248) (4399,5671,255) (0,0,0))
((4376,5720,240) (4391,5735,255) (0,0,0))
((4368,5736,240) (4383,5783,255) (0,0,0))
((4368,5784,240) (4375,5799,255) (0,0,0))
((4360,5800,248) (4375,5831,255) (0,0,0))
((4360,5840,240) (4367,5855,255) (0,0,0))
((5000,5912,8) (5007,5927,71) (0,0,0))
((5000,5912,72) (5007,5927,135) (0,0,0))
((5000,5912,136) (5007,5927,199) (0,0,0))
((5000,5912,200) (5007,5927,255) (0,0,0))
((5008,5912,8) (5023,5919,71) (0,0,0))
((5008,5912,72) (5023,5919,135) (0,0,0))
((5008,5912,136) (5023,5919,199) (0,0,0))
((5008,5912,200) (5023,5919,255) (0,0,0))
((5248,5912,8) (5255,5927,71) (0,0,0))
((5248,5912,72) (5255,5927,135) (0,0,0))
((5248,5912,136) (5255,5927,199) (0,0,0))
((5248,5912,200) (5255,5927,255) (0,0,0))
((5256,5920,8) (5271,5927,71) (0,0,0))
((5256,5920,72) (5271,5927,135) (0,0,0))
((5256,5920,136) (5271,5927,199) (0,0,0))
((5256,5920,200) (5271,5927,255) (0,0,0))
((5248,5928,8) (5271,5935,71) (0,0,0))
((5248,5928,72) (5271,5935,135) (0,0,0))
((5248,5928,136) (5271,5935,199) (0,0,0))
((5248,5928,200) (5271,5935,255) (0,0,0))
((5256,5936,248) (5271,5943,255) (0,0,0))
((5288,5936,248) (5295,5943,255) (0,0,0))
((5264,5944,248) (5271,5951,255) (0,0,0))
((5288,5944,248) (5303,5951,255) (0,0,0))
((4928,5952,248) (4959,5959,255) (0,0,0))
((5288,5952,248) (5311,5959,255) (0,0,0))
((4928,5960,248) (4951,5967,255) (0,0,0))
((5288,5960,248) (5319,5967,255) (0,0,0))
((4928,5968,248) (4943,5975,255) (0,0,0))
((5312,5968,8) (5319,5975,71) (0,0,0))
((5312,5968,72) (5319,5975,135) (0,0,0))
((5312,5968,136) (5319,5975,199) (0,0,0))
((5312,5968,200) (5319,5975,255) (0,0,0))
((4928,5976,248) (4935,5983,255) (0,0,0))
((5312,5976,8) (5335,5991,71) (0,0,0))
((5312,5976,72) (5335,5991,135) (0,0,0))
((5312,5976,136) (5335,5991,199) (0,0,0))
((5312,5976,200) (5335,5991,255) (0,0,0))
((5328,6008,8) (5351,6023,71) (0,0,0))
((5328,6008,72) (5351,6023,135) (0,0,0))
((5328,6008,136) (5351,6023,199) (0,0,0))
((5328,6008,200) (5351,6023,255) (0,0,0))
((5336,6024,8) (5359,6039,71) (0,0,0))
((5336,6024,72) (5359,6039,135) (0,0,0))
((5336,6024,136) (5359,6039,199) (0,0,0))
((5336,6024,200) (5359,6039,255) (0,0,0))
((5352,6224,248) (5367,6231,255) (0,0,0))
((5344,6232,248) (5367,6247,255) (0,0,0))
((5336,6248,248) (5359,6255,255) (0,0,0))
((5336,6256,8) (5359,6271,71) (0,0,0))
((5336,6256,72) (5359,6271,135) (0,0,0))
((5336,6256,136) (5359,6271,199) (0,0,0))
((5336,6256,200) (5359,6271,255) (0,0,0))
((5328,6264,8) (5335,6271,71) (0,0,0))
((5328,6264,72) (5335,6271,135) (0,0,0))
((5328,6264,136) (5335,6271,199) (0,0,0))
((5328,6264,200) (5335,6271,255) (0,0,0))
((4888,6272,248) (4911,6279,255) (0,0,0))
((5328,6272,248) (5351,6279,255) (0,0,0))
((4896,6280,248) (4927,6295,255) (0,0,0))
((5320,6280,248) (5343,6287,255) (0,0,0))
((5312,6288,248) (5319,6295,255) (0,0,0))
((5320,6288,8) (5343,6295,71) (0,0,0))
((5320,6288,72) (5343,6295,135) (0,0,0))
((5320,6288,136) (5343,6295,199) (0,0,0))
((5320,6288,200) (5343,6295,255) (0,0,0))
((5320,6296,8) (5335,6311,71) (0,0,0))
((5320,6296,72) (5335,6311,135) (0,0,0))
((5320,6296,136) (5335,6311,199) (0,0,0))
((5320,6296,200) (5335,6311,255) (0,0,0))
((5304,6296,248) (5319,6311,255) (0,0,0))
((4912,6312,248) (4943,6319,255) (0,0,0))
((5296,6312,248) (5319,6319,255) (0,0,0))
((4920,6320,248) (4951,6327,255) (0,0,0))
((5288,6320,240) (5319,6327,255) (0,0,0))
((4928,6328,248) (4959,6335,255) (0,0,0))
((4936,6336,24) (4967,6343,87) (0,0,0))
((4936,6336,88) (4967,6343,143) (0,0,0))
((4936,6336,144) (4967,6343,199) (0,0,0))
((4936,6336,200) (4967,6343,255) (0,0,0))
((5264,6336,248) (5303,6343,255) (0,0,0))
((4944,6344,0) (4951,6351,63) (0,0,0))
((4944,6344,64) (4951,6351,127) (0,0,0))
((4944,6344,128) (4951,6351,191) (0,0,0))
((4944,6344,192) (4951,6351,255) (0,0,0))
((4952,6344,0) (4967,6359,63) (0,0,0))
((4952,6344,64) (4967,6359,127) (0,0,0))
((4952,6344,128) (4967,6359,191) (0,0,0))
((4952,6344,192) (4967,6359,255) (0,0,0))
((5240,6344,248) (5287,6359,255) (0,0,0))
((4992,6352,248) (4999,6359,255) (0,0,0))
((5224,6360,240) (5247,6375,255) (0,0,0))
((5248,6360,0) (5255,6375,63) (0,0,0))
((5248,6360,64) (5255,6375,127) (0,0,0))
((5248,6360,128) (5255,6375,191) (0,0,0))
((5248,6360,192) (5255,6375,255) (0,0,0))
((5256,6360,0) (5271,6367,63) (0,0,0))
((5256,6360,64) (5271,6367,127) (0,0,0))
((5256,6360,128) (5271,6367,191) (0,0,0))
((5256,6360,192) (5271,6367,255) (0,0,0))
((5208,6368,248) (5223,6375,255) (0,0,0))
((5000,6376,248) (5047,6383,255) (0,0,0))
((5184,6376,248) (5223,6383,255) (0,0,0))
((5224,6376,240) (5239,6383,255) (0,0,0))
((5016,6384,248) (5055,6391,255) (0,0,0))
((5056,6384,248) (5087,6391,255) (0,0,0))
((5152,6384,248) (5191,6391,255) (0,0,0))
((5192,6384,248) (5223,6391,255) (0,0,0))
((5040,6392,248) (5103,6407,255) (0,0,0))
((5104,6392,248) (5167,6407,255) (0,0,0))
((5168,6392,248) (5199,6399,255) (0,0,0))
((4384,6584,248) (4399,6615,255) (0,0,0))
((4392,6616,248) (4399,6631,255) (0,0,0))
((4392,6632,248) (4407,6647,255) (0,0,0))
((4400,6656,200) (4407,6663,255) (0,0,0))
((4400,6664,248) (4407,6671,255) (0,0,0))
((4400,6680,248) (4415,6687,255) (0,0,0))
((4424,6752,248) (4431,6759,255) (0,0,0))
)