1
1
1
0
(30 0
((88,152) (103,167) (0,0))
((104,152) (119,167) (0,0))
((120,152) (135,167) (0,0))
((136,152) (151,167) (0,0))
((152,152) (167,167) (0,0))
((168,152) (175,167) (0,0))
((88,168) (103,183) (0,0))
((104,168) (119,183) (0,0))
((120,168) (135,183) (0,0))
((136,168) (151,183) (0,0))
((152,168) (167,183) (0,0))
((168,168) (175,183) (0,0))
((88,184) (103,199) (0,0))
((104,184) (119,199) (0,0))
((120,184) (135,199) (0,0))
((136,184) (151,199) (0,0))
((152,184) (167,199) (0,0))
((168,184) (175,199) (0,0))
((88,200) (103,215) (0,0))
((104,200) (119,215) (0,0))
((120,200) (135,215) (0,0))
((136,200) (151,215) (0,0))
((152,200) (167,215) (0,0))
((168,200) (175,215) (0,0))
((88,216) (103,231) (0,0))
((104,216) (119,231) (0,0))
((120,216) (135,231) (0,0))
((136,216) (151,231) (0,0))
((152,216) (167,231) (0,0))
((168,216) (175,231) (0,0))
)
30
FabOnDisk: inmf_D_00000 0
FabOnDisk: inmf_D_00000 2135
FabOnDisk: inmf_D_00000 4271
FabOnDisk: inmf_D_00000 6407
FabOnDisk: inmf_D_00000 8543
FabOnDisk: inmf_D_00000 10679
FabOnDisk: inmf_D_00000 11791
FabOnDisk: inmf_D_00000 13926
FabOnDisk: inmf_D_00000 16062
FabOnDisk: inmf_D_00000 18198
FabOnDisk: inmf_D_00000 20334
FabOnDisk: inmf_D_00000 22470
FabOnDisk: inmf_D_00000 23582
FabOnDisk: inmf_D_00000 25717
FabOnDisk: inmf_D_00000 27853
FabOnDisk: inmf_D_00000 29989
FabOnDisk: inmf_D_00000 32125
FabOnDisk: inmf_D_00000 34261
FabOnDisk: inmf_D_00000 35373
FabOnDisk: inmf_D_00000 37508
FabOnDisk: inmf_D_00000 39644
FabOnDisk: inmf_D_00000 41780
FabOnDisk: inmf_D_00000 43916
FabOnDisk: inmf_D_00000 46052
FabOnDisk: inmf_D_00000 47164
FabOnDisk: inmf_D_00000 49299
FabOnDisk: inmf_D_00000 51435
FabOnDisk: inmf_D_00000 53571
FabOnDisk: inmf_D_00000 55707
FabOnDisk: inmf_D_00000 57843

30,1
1.00720160694112804e+00,
1.04024109572863610e+00,
1.08489139548616165e+00,
1.03973932102698630e+00,
1.00701998423546568e+00,
1.00515412454047559e+00,
1.04243236383681803e+00,
1.18549687761469102e+00,
1.39301720131783258e+00,
1.18531386997329213e+00,
1.04205246465312373e+00,
1.01307369589036389e+00,
1.08647725823237007e+00,
1.39359859125212115e+00,
1.84033180977071442e+00,
1.39574076934971103e+00,
1.08592588675188684e+00,
1.02884692991200666e+00,
1.03950787640305919e+00,
1.18593511782509520e+00,
1.38224117005677027e+00,
1.18613608231691758e+00,
1.04129895955785479e+00,
1.01290052350045268e+00,
1.00924559727658569e+00,
1.03977053443956335e+00,
1.08284666806784435e+00,
1.04005743334418921e+00,
1.00869764202085133e+00,
1.00296761484604069e+00,

30,1
1.16021386119592007e+00,
1.35881182839389769e+00,
1.40129373325685758e+00,
1.35681566889407312e+00,
1.16004621897164872e+00,
1.03471457892728291e+00,
1.35886709893961033e+00,
1.80482114195686916e+00,
1.89215736501395293e+00,
1.80665914833664187e+00,
1.35896858638367801e+00,
1.07463675232710987e+00,
1.40022870204733985e+00,
1.90069500342300035e+00,
1.98225441951481884e+00,
1.90066243181947536e+00,
1.40089568960723376e+00,
1.08249672421207910e+00,
1.35680606264539216e+00,
1.80171625238299882e+00,
1.89315576456707091e+00,
1.80222963304502204e+00,
1.35978895721655313e+00,
1.07463667109366168e+00,
1.15994155318141345e+00,
1.34766823071595732e+00,
1.40623417792827454e+00,
1.35887679295343533e+00,
1.16096586913375477e+00,
1.03402548686376150e+00,

