Initializing AMReX (25.02-11-g7d6bf90c3a07)...
AMReX (25.02-11-g7d6bf90c3a07) initialized

Number of Good Nodes: 1024

Processing bad-nodelist-0 for job 35865688
Processing bad-nodelist-1 for job 35583077
Processing bad-nodelist-2 for job 35421338
Processing bad-nodelist-3 for job 35164723
Processing bad-nodelist-4 for job 34629701
Processing bad-nodelist-5 for job 34741604
Processing bad-nodelist-6 for job 31925157
Processing bad-nodelist-7 for job 35877378

Number of Bad Nodes: 1
    008393

Number of Maybe Bad Nodes: 753
    1 nodes appeared to be bad 7 times
        001665
    55 nodes appeared to be bad 6 times
        001268
        001305
        001404
        001405
        001533
        001556
        001596
        001597
        001612
        001669
        001672
        001677
        001713
        001813
        001873
        001876
        001884
        001936
        001940
        001944
        001972
        002005
        002012
        002040
        002052
        002060
        002104
        002108
        002192
        002196
        002200
        002225
        002228
        002236
        002265
        002268
        002276
        002277
        002280
        002281
        002284
        002377
        002384
        002416
        002432
        002437
        002716
        002724
        003500
        003509
        003524
        003564
        003824
        003880
        003881
    150 nodes appeared to be bad 5 times
        001077
        001080
        001081
        001089
        001092
        001097
        001101
        001105
        001112
        001124
        001129
        001133
        001140
        001141
        001152
        001156
        001192
        001244
        001245
        001248
        001257
        001261
        001264
        001265
        001276
        001284
        001293
        001304
        001312
        001332
        001341
        001348
        001349
        001357
        001373
        001388
        001409
        001424
        001432
        001436
        001437
        001441
        001477
        001480
        001497
        001500
        001521
        001524
        001525
        001528
        001532
        001536
        001544
        001548
        001557
        001560
        001601
        001608
        001616
        001632
        001636
        001653
        001668
        001680
        001685
        001708
        001709
        001716
        001717
        001725
        001824
        001836
        001837
        001849
        001852
        001864
        001868
        001872
        001892
        001909
        001912
        001925
        001928
        001933
        001949
        001956
        001960
        001961
        001980
        001996
        001997
        002000
        002001
        002004
        002024
        002032
        002048
        002053
        002080
        002081
        002084
        002101
        002105
        002117
        002156
        002157
        002173
        002176
        002181
        002185
        002193
        002197
        002204
        002209
        002216
        002224
        002229
        002241
        002252
        002260
        002269
        002272
        002304
        002324
        002337
        002341
        002376
        002381
        002388
        002412
        002417
        002744
        002757
        003004
        003036
        003068
        003145
        003476
        003641
        003660
        003664
        003720
        003800
        003804
        003840
        003884
        003896
        003908
        003956
        004024
    187 nodes appeared to be bad 4 times
        001004
        001017
        001052
        001053
        001065
        001088
        001093
        001096
        001100
        001104
        001116
        001121
        001125
        001128
        001144
        001149
        001153
        001160
        001177
        001184
        001185
        001193
        001196
        001200
        001201
        001208
        001209
        001221
        001233
        001237
        001241
        001249
        001253
        001256
        001272
        001277
        001280
        001281
        001288
        001289
        001292
        001296
        001297
        001308
        001309
        001313
        001316
        001317
        001320
        001333
        001352
        001356
        001361
        001376
        001377
        001384
        001401
        001408
        001413
        001416
        001420
        001428
        001433
        001440
        001449
        001469
        001476
        001493
        001496
        001501
        001509
        001512
        001513
        001520
        001561
        001600
        001604
        001624
        001628
        001640
        001656
        001684
        001692
        001693
        001701
        001704
        001724
        001733
        001736
        001745
        001753
        001757
        001764
        001765
        001773
        001777
        001780
        001781
        001785
        001788
        001792
        001793
        001833
        001856
        001861
        001877
        001885
        001888
        001889
        001908
        001920
        001932
        001941
        001948
        001953
        001981
        002009
        002013
        002020
        002029
        002033
        002041
        002049
        002056
        002057
        002064
        002072
        002073
        002077
        002085
        002096
        002100
        002109
        002133
        002140
        002141
        002144
        002160
        002169
        002177
        002205
        002213
        002220
        002232
        002237
        002249
        002253
        002256
        002273
        002288
        002301
        002317
        002321
        002328
        002340
        002345
        002380
        002425
        002632
        002636
        002729
        002773
        002780
        003069
        003137
        003153
        003269
        003272
        003301
        003512
        003533
        003548
        003600
        003645
        003648
        003656
        003665
        003705
        003745
        003780
        003781
        003784
        003797
        003816
        003828
        003888
        008324
    184 nodes appeared to be bad 3 times
        001001
        001008
        001012
        001021
        001041
        001057
        001061
        001064
        001068
        001069
        001073
        001085
        001108
        001117
        001148
        001161
        001164
        001168
        001173
        001217
        001228
        001236
        001252
        001260
        001273
        001301
        001324
        001328
        001329
        001336
        001340
        001344
        001360
        001364
        001368
        001389
        001392
        001393
        001421
        001444
        001452
        001453
        001461
        001473
        001481
        001484
        001485
        001488
        001489
        001492
        001516
        001529
        001540
        001541
        001549
        001552
        001553
        001565
        001568
        001569
        001572
        001573
        001584
        001588
        001589
        001592
        001613
        001617
        001620
        001621
        001625
        001633
        001641
        001644
        001645
        001648
        001652
        001660
        001664
        001681
        001689
        001705
        001720
        001721
        001728
        001729
        001732
        001737
        001740
        001741
        001772
        001797
        001805
        001808
        001809
        001817
        001829
        001853
        001857
        001865
        001881
        001901
        001916
        001921
        001924
        001937
        001952
        001957
        001964
        001965
        001968
        001969
        001973
        001984
        001985
        002016
        002021
        002025
        002028
        002044
        002045
        002068
        002088
        002092
        002093
        002112
        002136
        002137
        002165
        002201
        002212
        002217
        002221
        002233
        002244
        002257
        002261
        002285
        002292
        002293
        002296
        002297
        002316
        002320
        002325
        002329
        002348
        002349
        002352
        002353
        002369
        002413
        002545
        002709
        002712
        002721
        002732
        002752
        002760
        002864
        002973
        003037
        003236
        003557
        003580
        003588
        003640
        003713
        003721
        003732
        003744
        003801
        003805
        003808
        003809
        003877
        003904
        003905
        008301
        008389
        008505
        008508
        008509
        008700
    129 nodes appeared to be bad 2 times
        001020
        001024
        001025
        001029
        001032
        001036
        001037
        001040
        001044
        001045
        001048
        001049
        001056
        001060
        001076
        001109
        001132
        001136
        001137
        001169
        001197
        001212
        001213
        001216
        001224
        001225
        001300
        001321
        001325
        001337
        001345
        001372
        001380
        001385
        001396
        001412
        001417
        001425
        001445
        001448
        001456
        001460
        001472
        001508
        001581
        001605
        001609
        001629
        001649
        001696
        001697
        001749
        001760
        001784
        001800
        001801
        001816
        001825
        001840
        001841
        001860
        001869
        001904
        001905
        001913
        001917
        001976
        001988
        001993
        002017
        002036
        002037
        002061
        002069
        002076
        002089
        002097
        002113
        002116
        002120
        002124
        002125
        002153
        002161
        002164
        002172
        002180
        002188
        002240
        002248
        002305
        002312
        002344
        002360
        002361
        002364
        002365
        002368
        002400
        002509
        002669
        002688
        002740
        002753
        002768
        002861
        002876
        002877
        002881
        002896
        003076
        003213
        003432
        003589
        003657
        003661
        003689
        003700
        003709
        003716
        003748
        003756
        003757
        003760
        003817
        003957
        004068
        008460
        008664
    46 nodes appeared to be bad 1 times
        001028
        001033
        001157
        001165
        001180
        001181
        001365
        001381
        001464
        001465
        001468
        001564
        001756
        001776
        001796
        001812
        001828
        001844
        001977
        002132
        002152
        002168
        002308
        002309
        002313
        002357
        002848
        002880
        002953
        003040
        003193
        003368
        003688
        003717
        003944
        003945
        008205
        008244
        008448
        008453
        008464
        008496
        008552
        008597
        008652
        008665

AMReX (25.02-11-g7d6bf90c3a07) finalized
